10 double
-0.77833 -1.10215  0.26247 -0.10532  0.44699  1.47378 -1.53431 -0.24864 -0.27222  1.82226
 0.03128  1.15607  0.15525 -0.67751  1.28471  0.12442 -0.09554  1.56961  1.18308 -0.36941
 0.75025 -1.90813 -1.85773 -0.55898 -1.26146  1.80653  1.04571 -0.83926  1.25562  1.99346
 0.68416 -1.40283  0.52946 -1.81584 -1.39043 -1.57717 -0.25368  1.63944  1.62179  0.76934
 0.13970 -1.09414 -0.98319  1.72844 -1.41523 -0.33530  0.31131 -0.84718 -0.06949 -0.73026
 0.95221  1.70085 -1.24875 -1.77123  1.77238 -1.61293  1.11836 -1.35224  1.70450  1.39268
-0.20977  0.37551  1.87133 -1.48680  1.87420  1.28809  0.80874 -0.83996  0.16387  1.65754
-0.43598  0.04881  0.83513  0.72456 -0.04645 -0.37234 -1.12510  0.88449  0.62407  0.29191
 1.40039 -0.40784  1.79031  1.39851  1.30064  1.45127 -0.42250  0.82109  0.16672 -1.12527
-1.62052  0.61916 -0.64469 -1.35086 -0.21656  0.35697 -1.11210  0.25073  1.38783 -1.60474