10 double
 6.36173  7.48559  0.37211  6.36273 -9.52537  9.67276 -4.47750  1.40184  2.51059  4.66327
-0.21913  5.23683 -6.06267  6.61665 -1.33600  4.13525 -8.11378 -8.66699 -2.19716  3.41216
 3.69545  1.05878 -3.15817 -0.97514  0.70182  4.83858 -3.84280  8.58733  7.43999  5.28838
 8.30579  2.71784  2.56303 -4.58377  5.34047  8.47916  2.21472 -4.51366 -4.22634 -3.63477
 1.34599 -9.53985 -0.95688  4.00719  2.61657  7.00136 -1.35805 -1.06456  1.96732 -9.98433
-8.64619 -1.72471  9.68616  7.13105 -7.90012 -2.97029  3.12668 -3.66086  8.84170 -8.13249
-3.18255 -4.64206  0.72115 -8.41408  1.83522 -1.44848 -1.89177 -1.88900 -2.33995 -0.39400
-1.43616 -8.48654  9.56390 -0.24066  3.11913  7.45184 -8.12462 -2.73823 -3.65684 -3.25662
 3.09521  1.07614 -2.41282  3.56170  0.56285  9.66253 -5.57678 -7.25831  6.92002  6.18396
-7.39879  6.56511 -3.67451 -9.98800  2.98904 -5.67628 -1.45488  8.93200  2.41278  5.31478

