10 double
 3.32859 -6.36386 -5.03014  3.13236  8.91898 -3.70284 -7.58118 -7.40389 -2.51669  4.41360
-1.92788  7.42657  2.73726 -4.12974 -4.82383  2.03215  6.89768 -1.46882  0.23558 -3.19543
 3.48864 -2.11172  3.32906  1.08723  0.06506  2.76929  4.83114 -9.41159 -1.48648  2.55025
 7.16007  0.61102  6.29507 -2.53040 -7.24543 -5.38775  4.35213  6.85923  7.76334 -3.87638
 0.93708  3.90268 -4.38141  2.72844 -1.18235 -5.07646  9.92893 -9.72953  6.16966 -9.47454
 8.41705 -8.31499  9.00810  3.18927  7.10501 -9.03365  5.40866  5.98095  7.19275 -7.39438
-6.66552 -5.81915  4.87383  0.31693  3.59750 -5.52296  0.93786 -3.15031 -7.99873 -9.95546
 8.33002  4.75069 -2.59595 -7.52558 -7.89566  1.47190  3.23745  3.46966 -6.22984  3.17838
-5.91398  3.67163  6.09255  5.87848 -4.12892  9.88661 -7.11428 -8.72782  2.18580  5.04005
 2.35423 -6.43634  6.82991 -1.02533  0.40694 -1.34454  3.49637  7.84657  1.92858  5.56153